1870
1872
1875
1884
1887
1889
1894
